e:0.1723
a:0.08192
s:0.08119
i:0.07437
n:0.07381
t:0.07195
r:0.06457
u:0.06144
l:0.05867
o:0.0539
d:0.03656
c:0.03323
m:0.02921
p:0.02891
v:0.01585
q:0.01201
f:0.0103
g:0.00959
b:0.00881
h:0.00859
j:0.00431
x:0.0039
y:0.00262
z:0.00148
k:0.00034
w:0.00017
